https://github.com/apache/incubator-dubbo,dubbo-registry/dubbo-registry-default,8e20d1ca06597e75903cb97c6a01c470686fcf08,6b2fa866a40d422058c72cea5c315806a27ff1f3,accommodater-apache.incubator-dubbo.tar.gz,auto,sele
